
##### Springerproblem #####


Schachbrett initialisiert: 

    A| B| C| D| E| F| G| H|
1 |-1|-1|-1|-1|-1|-1|-1|-1|  1
2 |-1|-1|-1|-1|-1|-1|-1|-1|  2
3 |-1|-1|-1|-1|-1|-1|-1|-1|  3
4 |-1|-1|-1|-1|-1|-1|-1|-1|  4
5 |-1|-1|-1|-1|-1|-1|-1|-1|  5
6 |-1|-1|-1|-1|-1|-1|-1|-1|  6
7 |-1|-1|-1|-1|-1|-1|-1|-1|  7
8 |-1|-1|-1|-1|-1|-1|-1|-1|  8
    A| B| C| D| E| F| G| H|
Startposition: 
Bitte Spalte eingeben (A-H ; X fuer alle): 
Bitte Reihe eingeben (1-8): Springer laeuft von H7 aus los...

    A| B| C| D| E| F| G| H|
1 |57|12|41|28|55|14|33|18|  1
2 |42|27|56|13|40|17|30|15|  2
3 |11|58|43|54|29|32|19|34|  3
4 |26|45|60|39|36|53|16|31|  4
5 |59|10|51|44|61|38|35|20|  5
6 |46|25|48|37|52|63|02|05|  6
7 |09|50|23|62|07|04|21|00|  7
8 |24|47|08|49|22|01|06|03|  8
    A| B| C| D| E| F| G| H|

... laufen innerhalb von 1955 Millisekunden abgeschlossen.